#Task    Step    numberOfAcceptedPeleSteps    currentEnergy    Binding Energy    sasaLig    distance0.5    distance1.5    
1    0    0    -11662.5    -22.1368    0.301583    4.29259    4.27192    
1    1    1    -11966.2    -22.4319    0.309299    3.62041    2.79356    
1    2    2    -11965.6    -15.2037    0.342423    3.97076    3.58792    
1    5    3    -11971.9    -24.9551    0.260482    4.50274    3.84173    
1    8    4    -11971.3    -20.2074    0.290678    4.51242    3.73888    
1    9    5    -11977.8    -25.8711    0.271823    5.28913    4.51082    
1    13    6    -11975.2    -26.8057    0.30489    4.47773    4.32986    
1    14    7    -11977.2    -21.7535    0.337174    4.38924    4.2544    
1    15    8    -11986.5    -27.9913    0.250694    4.95256    4.53228    
1    16    9    -11993.8    -26.4824    0.249159    5.27686    5.20201    
1    17    10    -12003.8    -30.0831    0.318411    4.51255    4.02991    
1    18    11    -12004.5    -27.172    0.289089    4.55055    4.31723    
1    21    12    -12004.1    -30.2139    0.282857    4.52382    3.88251    
1    22    13    -12006.4    -29.6781    0.313123    4.15983    3.94911    
1    24    14    -12007.5    -28.6132    0.284001    4.45109    4.0411    
1    38    15    -12011.1    -29.1826    0.273239    4.60773    4.35607    
1    68    16    -12006.2    -25.6696    0.320207    4.05752    4.35883    
1    70    17    -12012.8    -30.0164    0.323185    4.54065    4.40193    
1    74    18    -12007.4    -22.282    0.369027    4.8907    5.18514    
1    76    19    -12004.8    -18.2207    0.375757    4.472    4.93738    
1    80    20    -12010    -20.535    0.362241    4.69838    4.80741    
1    88    21    -12010.8    -20.2075    0.327027    4.37502    4.74486    
1    106    22    -12010.2    -18.3352    0.372586    5.03888    5.16391    
1    107    23    -12005.7    -16.8371    0.395953    5.14245    5.4083    
1    108    24    -12005.7    -19.3625    0.330913    4.34174    4.67983    
1    112    25    -12010.7    -21.019    0.341046    4.73197    5.00148    
1    114    26    -12012.5    -20.34    0.343034    4.26771    4.7746    
1    118    27    -12010.3    -18.8684    0.34999    4.83154    4.91256    
1    120    28    -12013.5    -21.6033    0.327606    4.55448    4.77633    
1    126    29    -12014.1    -23.6431    0.314135    4.69721    4.81574    
1    127    30    -12017    -22.3132    0.325014    4.44531    4.62217    
1    128    31    -12013.7    -17.5015    0.345551    4.26643    4.87188    
1    132    32    -12016.3    -18.6573    0.387332    5.10956    5.53221    
1    136    33    -12015.9    -18.8661    0.350088    5.33701    5.82875    
1    142    34    -12010.5    -13.3347    0.332143    5.42254    5.80265    
1    146    35    -12009.6    -9.81344    0.35012    5.81736    6.72556    
1    148    36    -12015.4    -18.3515    0.385323    4.72866    5.19636    
1    168    37    -12007.8    -11.7831    0.455993    4.96926    5.69662    
1    170    38    -12011.8    -12.22    0.407661    5.59007    5.80948    
1    172    39    -12012    -6.34808    0.449572    5.59809    6.57303    
1    176    40    -12006.6    -3.18051    0.524181    5.74214    6.7744    
1    178    41    -12010.5    -5.92061    0.557117    6.50555    7.22735    
1    180    42    -12011.6    -5.84508    0.543987    6.83114    6.94806    
1    182    43    -12011.8    -4.21163    0.59329    7.46834    8.66998    
1    184    44    -12015    -6.72938    0.523519    7.95836    8.19165    
1    188    45    -12016.1    -7.62915    0.508042    9.58667    10.1321    
1    192    46    -12014.5    -7.32196    0.4876    10.7634    12.2766    
1    194    47    -12014.8    -7.73259    0.535861    10.0841    11.8649    
1    196    48    -12016.9    -6.76713    0.54659    11.4646    12.9522    
1    200    49    -12015.4    -7.12398    0.530068    9.58611    11.4267    
1    201    50    -12013.5    -10.7886    0.459739    9.85728    12.2488    
1    203    51    -12006.5    -6.71627    0.474731    9.4984    11.0196    
1    204    52    -12013.6    -6.31498    0.533758    10.1816    11.974    
1    206    53    -12010.6    -7.03983    0.547441    8.44377    10.7464    
1    207    54    -12007.9    -10.1796    0.444519    8.41024    10.5412    
1    208    55    -12009.4    -8.75382    0.442462    8.13232    9.99163    
1    210    56    -12008.8    -8.97372    0.439836    8.31096    10.5823    
1    213    57    -12009.1    -15.876    0.415666    8.87856    11.5173    
1    214    58    -12013.2    -13.6383    0.417955    9.03143    11.256    
1    216    59    -12011.1    -12.1991    0.433935    9.12951    10.8712    
1    222    60    -12010.2    -8.62486    0.459065    9.46235    11.3891    
1    228    61    -12018.3    -14.4439    0.455144    8.96788    10.5677    
1    234    62    -12018.6    -15.0184    0.478008    9.4114    11.262    
1    246    63    -12015.4    -11.5601    0.51485    9.79964    11.734    
1    248    64    -12016.9    -11.746    0.537144    9.79359    11.6001    
1    252    65    -12016    -9.97068    0.552742    9.96683    11.9046    
1    253    66    -12008.7    -17.0235    0.446437    8.7947    9.79619    
1    258    67    -12014.4    -14.9356    0.462704    8.55474    9.79349    
1    259    68    -12014    -18.651    0.481923    8.57871    9.09084    
1    260    69    -12018.1    -19.6175    0.464813    8.07036    8.81937    
1    261    70    -12009.3    -18.7051    0.467486    8.11947    8.42387    
1    262    71    -12021.2    -19.6069    0.474379    7.95152    8.69262    
1    264    72    -12020.3    -16.9336    0.491605    7.94624    9.23966    
1    268    73    -12023.3    -18.5098    0.476122    8.2552    9.10192    
1    270    74    -12023.9    -20.2045    0.476398    8.23069    9.39158    
1    282    75    -12019.8    -15.5062    0.477473    8.48202    9.22238    
1    302    76    -12022.9    -19.5464    0.463737    7.92116    8.80454    
1    304    77    -12019.7    -16.6649    0.495667    8.53495    9.31341    
1    306    78    -12019.7    -15.8762    0.525556    9.05086    10.5058    
1    310    79    -12018.7    -13.2994    0.519757    9.11906    10.9223    
1    318    80    -12022    -16.4497    0.486623    8.5909    9.70822    
1    333    81    -12016.5    -19.4094    0.423717    8.77778    9.86507    
1    334    82    -12018.2    -20.5503    0.415404    8.30017    9.3473    
1    344    83    -12015.6    -16.7582    0.441137    8.1911    9.57196    
1    348    84    -12015    -15.4651    0.452053    8.84373    10.1329    
1    354    85    -12020.1    -18.9125    0.445436    8.82509    10.2397    
1    386    86    -12018.2    -16.2476    0.440276    8.52514    9.35766    
1    390    87    -12018    -19.19    0.42743    8.7077    9.86227    
1    394    88    -12018.2    -19.1273    0.479998    8.47041    9.77431    
1    402    89    -12020.3    -18.4981    0.464814    8.86968    10.0942    
1    412    90    -12021.7    -20.1519    0.454578    8.53512    9.80891    
1    417    91    -12011.4    -15.4924    0.437524    7.6307    8.36978    
1    418    92    -12002.1    -6.04584    0.529099    7.69084    8.10995    
1    419    93    -12008.8    -7.53263    0.469393    7.31645    8.23144    
1    420    94    -12011.6    -9.16441    0.524047    7.42151    8.11847    
1    422    95    -12016.4    -11.4134    0.560944    7.90333    9.57537    
1    424    96    -12018.6    -12.7172    0.512368    8.46668    10.1715    
1    428    97    -12020.7    -13.4463    0.519318    7.99357    9.75279    
1    430    98    -12020.5    -14.2389    0.530585    7.71479    9.02773    
1    432    99    -12019.7    -14.8575    0.49613    8.13073    8.95804    
1    434    100    -12018.6    -14.4832    0.547059    7.88847    8.93759    
1    436    101    -12017.8    -13.0151    0.54601    8.22939    9.3447    
1    438    102    -12019    -11.6136    0.539387    8.57311    11.2309    
1    442    103    -12013.3    -9.46206    0.464348    9.29443    12.0259    
1    443    104    -12014    -16.118    0.512299    9.50263    12.338    
1    454    105    -12011.9    -10.3742    0.514476    9.6277    12.4894    
1    455    106    -12010.2    -11.6511    0.481287    10.1102    12.8652    
1    458    107    -12006.8    -8.27334    0.485365    10.313    13.0495    
1    462    108    -12011.8    -12.4138    0.459979    10.0477    12.7151    
1    470    109    -12012.3    -13.1494    0.4404    9.88746    12.5594    
1    472    110    -12014.4    -12.5815    0.461553    9.97536    12.5935    
1    474    111    -12015.3    -15.0184    0.43517    9.63431    12.3035    
1    476    112    -12012.7    -13.9005    0.441915    9.81982    12.5016    
1    480    113    -12010.3    -12.0568    0.456979    9.84693    12.4104    
1    483    114    -12009.5    -19.7938    0.471378    9.58713    12.0903    
1    488    115    -12009.6    -13.3384    0.434751    9.55477    11.6547    
1    490    116    -12011.2    -13.3856    0.433237    9.64649    11.8069    
1    493    117    -12002.9    -10.9243    0.415481    8.89519    10.3997    
1    497    118    -12001    -10.8774    0.469586    8.49646    11.3723    
1    498    119    -12004    -13.3172    0.445187    8.69445    11.5914    
1    499    120    -11999.4    -20.8688    0.432975    8.68558    11.3797    
1    501    121    -12001    -17.37    0.46461    8.82071    11.5019    
1    504    122    -12002.2    -16.1814    0.439947    8.55436    11.2758    
1    506    123    -12001.5    -13.2546    0.46798    8.68123    11.3912    
1    507    124    -12001.4    -15.2373    0.488278    8.84651    11.9104    
1    510    125    -12002.7    -13.9405    0.446844    8.55151    11.0964    
1    511    126    -12009.5    -21.7704    0.430682    8.50009    11.5486    
1    512    127    -12007.5    -16.7606    0.458078    7.98893    10.8237    
1    517    128    -12009.3    -19.1771    0.437524    8.68182    11.6736    
1    518    129    -12008.3    -16.1849    0.448616    8.2605    11.1751    
1    520    130    -12006    -13.5784    0.451795    8.38355    10.9458    
1    522    131    -12015.4    -21.4138    0.445457    8.32907    11.1772    
1    548    132    -12008.7    -13.8442    0.512897    9.14897    11.8253    
1    550    133    -12009.6    -12.198    0.519339    8.60872    11.3891    
1    557    134    -12010.9    -18.988    0.466927    8.46159    11.2636    
1    559    135    -12005.9    -15.9056    0.490679    9.04301    12.1073    
1    560    136    -12010.8    -12.636    0.472346    8.737    11.4829    
1    566    137    -12012.7    -15.8878    0.438144    8.6543    11.3144    
1    568    138    -12014.1    -13.3591    0.452398    8.47197    10.8303    
1    571    139    -12013.2    -20.03    0.475159    8.84608    11.9592    
1    573    140    -12008.7    -11.9301    0.530934    8.92533    12.0359    
1    574    141    -12013.1    -12.6271    0.506327    8.33057    11.6148    
1    580    142    -12013.3    -12.9751    0.490779    7.85532    11.0751    
1    584    143    -12010.2    -8.94881    0.531416    8.20504    11.2215    
1    590    144    -12010.2    -9.92155    0.497916    7.4126    9.28368    
1    591    145    -12010.2    -12.4351    0.527541    8.28    11.1235    
1    592    146    -12014.3    -12.8385    0.540337    8.30625    11.3749    
1    594    147    -12014.2    -10.4761    0.547849    7.34861    9.58741    
1    597    148    -12009.4    -9.41319    0.55723    7.83439    10.9128    
1    600    149    -12010.9    -11.2002    0.512405    6.92439    9.46697    
1    602    150    -12013.4    -10.6889    0.518265    7.09768    9.12537    
1    604    151    -12013.3    -9.9949    0.562639    8.57791    11.381    
1    606    152    -12014.9    -12.7475    0.523721    8.63334    11.7665    
1    614    153    -12016.7    -13.1368    0.469074    7.77465    10.9411    
1    616    154    -12014.2    -11.8769    0.490021    8.51224    11.8098    
1    618    155    -12009.8    -7.73582    0.491813    8.10985    9.9344    
1    622    156    -12011.1    -8.1418    0.490762    8.88241    10.8692    
1    624    157    -12011.3    -8.98195    0.466102    8.47661    10.0362    
1    634    158    -12014.7    -11.7961    0.493596    8.06159    11.023    
1    638    159    -12022.3    -16.7481    0.436816    7.88347    11.0474    
1    639    160    -12015.2    -13.9989    0.460369    7.73376    10.9285    
1    642    161    -12015.2    -11.3489    0.470413    7.6578    10.9456    
1    644    162    -12020.1    -15.5431    0.452735    8.03832    11.2344    
1    654    163    -12019.8    -14.8896    0.447238    7.8265    11.0133    
1    664    164    -12018    -13.5967    0.472661    9.01535    11.5091    
1    670    165    -12018.5    -15.3093    0.436352    7.95514    10.9679    
1    671    166    -12015.3    -15.2222    0.448228    8.25624    11.62    
1    674    167    -12011.2    -12.7786    0.470621    7.76017    10.8558    
1    678    168    -12011.9    -12.3342    0.439445    7.50881    10.625    
1    684    169    -12013    -13.7234    0.459346    7.36224    10.6345    
1    686    170    -12016.7    -17.5685    0.415845    6.91711    10.0416    
1    694    171    -12014.5    -14.9358    0.448267    7.42094    10.2483    
1    700    172    -12016.5    -16.5048    0.46013    7.33419    10.1293    
1    708    173    -12016.1    -17.6198    0.430506    7.11882    9.98325    
1    710    174    -12015.2    -18.3291    0.446416    7.66138    10.7133    
1    712    175    -12015.9    -19.8704    0.400938    6.94111    9.88655    
1    716    176    -12013.9    -18.102    0.439626    7.49145    10.7422    
1    720    177    -12015.5    -19.0896    0.424146    7.05136    10.1204    
1    722    178    -12017.2    -19.7729    0.425541    7.36699    10.4846    
1    734    179    -12016.2    -19.3015    0.434534    7.68776    10.8727    
1    738    180    -12017.4    -19.5761    0.42408    7.2048    10.256    
1    742    181    -12017.7    -21.2531    0.406973    7.45391    10.4012    
1    764    182    -12013.7    -17.4374    0.43935    8.79767    11.8504    
1    768    183    -12015.4    -19.9553    0.417888    7.48366    10.3304    
1    775    184    -12010.7    -18.6071    0.457156    7.84532    10.8766    
1    784    185    -12016.6    -19.8708    0.433061    7.60842    10.643    
1    802    186    -12016.4    -18.3775    0.42441    7.15189    10.2901    
1    818    187    -12018    -18.4818    0.425054    7.08184    10.147    
1    820    188    -12016.1    -17.5011    0.456774    7.88994    10.8101    
1    822    189    -12017.4    -18.7766    0.45343    8.40249    11.543    
1    824    190    -12016.9    -19.9856    0.422897    8.57435    11.745    
1    826    191    -12016.6    -18.6215    0.435737    7.94458    10.9217    
1    830    192    -12014.6    -16.0607    0.480046    7.68733    10.6827    
1    838    193    -12012.7    -14.4901    0.473223    7.8376    10.8508    
1    842    194    -12018.6    -20.0567    0.424298    7.56298    10.5476    
1    850    195    -12017.2    -20.9816    0.41505    7.77352    10.8497    
1    851    196    -12012    -16.8941    0.449819    7.59803    10.4153    
1    852    197    -12014.2    -21.3797    0.422715    7.82536    10.8412    
1    857    198    -12007    -19.3702    0.447104    7.54074    10.4583    
1    860    199    -12009.6    -14.8484    0.441561    7.31399    10.1063    
1    862    200    -12007.3    -14.7444    0.466824    7.41426    10.3662    
1    866    201    -12015    -19.3576    0.447345    7.2976    10.28    
1    868    202    -12009.3    -13.0024    0.472069    8.12439    11.3805    
1    872    203    -12008    -15.1386    0.456026    7.23642    10.3952    
1    876    204    -12013.2    -16.5396    0.489321    7.39833    10.43    
1    878    205    -12011.1    -14.899    0.502833    7.23938    10.0568    
1    880    206    -12013.7    -16.2188    0.491386    7.55154    10.5255    
1    884    207    -12009.1    -12.2124    0.513468    7.37225    10.336    
1    886    208    -12011.8    -13.9746    0.538761    7.88509    10.8808    
1    888    209    -12012    -14.6621    0.553316    8.43588    11.5262    
1    896    210    -12013.4    -14.7036    0.526774    7.77964    10.7622    
1    902    211    -12012.2    -15.2119    0.495937    7.77868    10.9122    
1    906    212    -12011.4    -15.1321    0.483945    7.24369    10.2342    
1    908    213    -12012.2    -14.4952    0.48822    7.50038    10.6773    
1    918    214    -12010.9    -16.7484    0.471853    7.23183    10.3205    
1    922    215    -12012.6    -14.3252    0.508137    7.21741    10.1655    
1    926    216    -12014.8    -15.4851    0.514107    8.04384    11.206    
1    941    217    -12008.3    -15.852    0.467296    8.41991    11.276    
1    966    218    -12009.6    -16.208    0.453898    8.17758    11.2244    
1    968    219    -12012.9    -17.5507    0.45681    7.57876    10.5349    
1    970    220    -12010.8    -15.9209    0.455351    7.57256    10.4224    
1    972    221    -12009.7    -15.0527    0.466549    8.5467    11.7324    
1    978    222    -12015.8    -18.5198    0.433036    7.42472    10.4833    
1    990    223    -12014.1    -17.283    0.459832    7.96411    10.821    
1    994    224    -12016.4    -19.5527    0.431857    7.39015    10.4568    
1    998    225    -12019.7    -20.5937    0.414082    7.52085    10.581    
