#Task    Step    numberOfAcceptedPeleSteps    currentEnergy    Binding Energy    sasaLig    distance0.5    distance1.5    
1    0    0    -11662.5    -22.1368    0.301583    4.29259    4.27192    
1    1    1    -11974.2    -20.3833    0.312982    3.99607    3.61834    
1    3    2    -11971.7    -22.2761    0.311794    4.48803    4.59113    
1    6    3    -11975.3    -19.4643    0.346303    4.67352    4.6787    
1    7    4    -11959.4    -14.3628    0.260852    5.45865    5.72637    
1    9    5    -11975    -20.7526    0.250581    5.42317    6.19384    
1    10    6    -11979    -14.754    0.200737    5.488    6.48647    
1    14    7    -11988    -13.4251    0.207551    6.50968    7.75531    
1    18    8    -11989.1    -15.7001    0.157695    5.29032    6.06284    
1    28    9    -11984.2    -11.7397    0.168501    4.85588    5.16631    
1    29    10    -11991.7    -27.8462    0.147782    4.11464    4.38817    
1    35    11    -11990.3    -23.9146    0.122332    3.80407    4.02053    
1    36    12    -11985.4    -18.4515    0.155658    4.57556    5.50972    
1    37    13    -11983.1    -21.2514    0.253904    5.16252    7.11701    
1    38    14    -11990.9    -23.3443    0.24726    5.58135    7.58475    
1    41    15    -11985.4    -14.2361    0.251609    4.90468    6.61609    
1    44    16    -11998.9    -16.3886    0.238954    4.65175    7.20536    
1    45    17    -12002.7    -22.818    0.268396    5.66297    7.66457    
1    47    18    -12005.4    -17.818    0.281311    4.95263    7.63585    
1    49    19    -12002.7    -17.5122    0.277583    5.07896    7.87217    
1    56    20    -12007.9    -16.1589    0.234088    4.69512    7.50018    
1    58    21    -12006.2    -13.4806    0.257664    5.24613    7.61301    
1    60    22    -12009.3    -17.425    0.264662    5.24055    8.10053    
1    64    23    -12011.8    -17.4199    0.24677    5.15187    7.49376    
1    68    24    -12011.7    -16.2433    0.254208    4.96126    7.71999    
1    69    25    -12009.9    -17.8442    0.277917    6.13394    9.0667    
1    71    26    -12010.8    -17.8797    0.282579    6.62525    9.69752    
1    93    27    -12009.4    -23.9925    0.299024    5.85912    9.20922    
1    97    28    -12010.9    -19.0045    0.239679    6.45834    9.78454    
1    100    29    -12007.6    -10.7392    0.410846    6.55451    9.13019    
1    101    30    -12022.9    -26.8985    0.343947    6.09251    9.40666    
1    103    31    -12025.7    -25.6162    0.318538    6.14846    9.57045    
1    105    32    -12031.1    -30.3708    0.325784    5.80418    8.89501    
1    110    33    -12029.6    -26.6143    0.309258    6.01991    8.92943    
1    111    34    -12025.1    -29.5139    0.314543    6.06497    8.796    
1    113    35    -12027.7    -32.9661    0.33442    5.86077    8.87599    
1    114    36    -12017.6    -19.9478    0.291487    5.62992    8.25109    
1    116    37    -12014.6    -17.3567    0.303727    6.21567    9.17759    
1    117    38    -12025.7    -31.5088    0.348612    5.98851    8.99543    
1    118    39    -12028.5    -34.5992    0.371829    5.41977    8.21938    
1    120    40    -12032.8    -34.5803    0.308191    5.87395    8.81546    
1    144    41    -12033.9    -34.7971    0.33326    5.36334    8.14479    
1    150    42    -12033.9    -35.2811    0.312727    6.05714    9.00424    
1    176    43    -12028.6    -30.6759    0.393569    6.09074    9.01343    
1    184    44    -12023.7    -25.9711    0.398279    6.15415    8.80396    
1    186    45    -12027    -30.149    0.367972    6.08111    9.20079    
1    187    46    -12021.4    -25.1733    0.416232    6.04382    9.12741    
1    194    47    -12020.2    -20.982    0.409732    6.21785    9.00906    
1    199    48    -12016.8    -29.3183    0.359961    5.85082    8.69463    
1    202    49    -12016.9    -27.9637    0.342392    6.09177    8.53085    
1    203    50    -12018.6    -23.5092    0.393761    6.16432    9.75448    
1    206    51    -12020.2    -25.4349    0.379564    5.90143    9.02511    
1    209    52    -12027.4    -32.4273    0.300286    6.02296    9.32675    
1    215    53    -12022.1    -28.2718    0.304057    5.90889    8.96489    
1    218    54    -12020.5    -23.9583    0.326982    6.00044    8.80606    
1    220    55    -12026.4    -31.7276    0.286712    6.19656    9.44181    
1    224    56    -12024.4    -28.2139    0.317793    6.18376    9.14383    
1    225    57    -12019.9    -30.6907    0.35764    6.06767    9.37249    
1    228    58    -12018.4    -25.772    0.353846    5.98848    8.87928    
1    231    59    -12017.3    -28.1219    0.357457    5.9457    9.3582    
1    232    60    -12012.4    -21.8902    0.263997    4.78442    7.91845    
1    233    61    -12012.5    -32.9545    0.281811    4.93393    8.25824    
1    236    62    -12016.9    -33.298    0.331495    5.24078    8.59844    
1    237    63    -12016    -38.043    0.30464    5.01397    8.58596    
1    238    64    -12019.8    -35.9189    0.302017    5.11614    8.58315    
1    245    65    -12020.5    -33.0775    0.33998    5.64023    9.12419    
1    246    66    -12024.7    -31.0437    0.299547    5.88703    9.47096    
1    247    67    -12014.1    -32.081    0.350007    5.56834    8.93949    
1    248    68    -12014.6    -28.3077    0.310582    5.57933    8.93584    
1    249    69    -12018    -32.2942    0.346364    5.59109    8.86387    
1    251    70    -12016.3    -28.9521    0.372608    5.88053    9.0521    
1    254    71    -12020.3    -31.3034    0.359923    5.61664    8.91765    
1    257    72    -12018    -33.4696    0.323842    5.20992    8.58555    
1    261    73    -12015.4    -32.3566    0.323845    5.45342    8.87883    
1    262    74    -12018.1    -34.5416    0.260472    5.13158    8.5972    
1    265    75    -12020.4    -33.3047    0.312627    5.0811    8.70715    
1    270    76    -12021.6    -29.2508    0.344627    5.55227    8.99049    
1    271    77    -12008.5    -18.1609    0.382099    6.46322    9.74712    
1    272    78    -12010.8    -15.2838    0.372404    5.91558    9.01206    
1    275    79    -12014    -21.9655    0.353464    6.61737    9.967    
1    276    80    -12018.9    -22.0748    0.352698    6.73268    9.77104    
1    278    81    -12028.3    -31.1332    0.320781    6.67287    9.74244    
1    289    82    -12022.2    -32.1676    0.304652    6.23589    9.75678    
1    290    83    -12023.1    -29.064    0.325845    6.308    9.70178    
1    292    84    -12023.6    -24.4925    0.364724    7.04032    10.4025    
1    298    85    -12020.4    -21.6553    0.381175    7.23945    10.4354    
1    299    86    -12022.6    -26.1968    0.398967    6.80055    9.8538    
1    300    87    -12023.6    -26.0455    0.340667    5.97916    9.10273    
1    305    88    -12029.3    -32.0072    0.364166    6.09534    9.35326    
1    307    89    -12028.9    -33.4455    0.328761    5.92105    9.33974    
1    310    90    -12032    -30.2044    0.32404    5.54351    8.60289    
1    314    91    -12036.1    -29.1407    0.330076    6.029    9.01953    
1    320    92    -12034.8    -29.3421    0.355892    5.93331    9.02831    
1    324    93    -12028.3    -27.7177    0.348271    6.32592    9.55399    
1    325    94    -12026.7    -27.7398    0.328548    6.07596    9.24648    
1    326    95    -12030.8    -26.8638    0.320571    6.07343    9.14132    
1    329    96    -12022.5    -31.8922    0.296726    5.24592    8.39259    
1    330    97    -12031.5    -28.6388    0.316888    5.83565    8.81362    
1    335    98    -12027.2    -29.9075    0.285629    5.34606    8.52315    
1    336    99    -12029.3    -28.7913    0.29391    5.25445    8.20597    
1    337    100    -12023.3    -32.0894    0.326315    5.94343    9.35764    
1    338    101    -12023.4    -26.6516    0.321541    6.58903    9.80141    
1    339    102    -12020.5    -27.1657    0.333452    6.421    9.34472    
1    340    103    -12026.9    -25.7945    0.334943    6.34636    9.32593    
1    341    104    -12035.5    -32.7678    0.310202    6.11191    9.02383    
1    368    105    -12033.6    -29.7298    0.336085    6.29424    9.02598    
1    370    106    -12030.6    -27.079    0.340266    6.70469    9.64254    
1    372    107    -12036    -32.8555    0.339082    6.53136    9.15795    
1    394    108    -12031.7    -29.2432    0.353362    6.24049    9.00776    
1    398    109    -12033.7    -29.9998    0.337442    6.34925    8.9773    
1    399    110    -12028.6    -27.6282    0.326958    5.6862    8.64417    
1    400    111    -12031.8    -29.1887    0.348368    6.00253    8.65893    
1    402    112    -12034.2    -31.803    0.317818    6.36738    8.80984    
1    410    113    -12035.4    -32.4341    0.321867    6.17133    8.9344    
1    416    114    -12034.8    -32.0287    0.305967    6.73215    9.11383    
1    418    115    -12037.7    -30.7832    0.343231    6.70969    9.35453    
1    427    116    -12032.9    -31.4078    0.376282    6.36024    8.97688    
1    429    117    -12033.9    -33.0858    0.341874    6.23476    8.82427    
1    431    118    -12025.6    -28.6938    0.352134    6.74161    9.52329    
1    438    119    -12031.9    -29.6792    0.372956    6.4042    8.83151    
1    446    120    -12033.1    -29.7026    0.361414    6.31453    8.5306    
1    447    121    -12027.1    -27.269    0.317446    7.56172    9.88241    
1    448    122    -12038.8    -32.2374    0.328113    6.7542    9.08651    
1    450    123    -12039    -33.2692    0.300054    6.03972    8.05624    
1    466    124    -12039.7    -32.826    0.285452    6.2818    8.53863    
1    468    125    -12040.3    -33.5686    0.307016    6.59925    9.22191    
1    472    126    -12042.6    -35.9226    0.293511    6.06947    8.27521    
1    495    127    -12037.8    -36.1743    0.253714    6.20504    8.28363    
1    496    128    -12044    -34.4052    0.279012    6.50972    8.99176    
1    500    129    -12037.7    -28.3488    0.276901    6.8235    9.1162    
1    501    130    -12034.4    -32.6153    0.292223    6.54356    9.02256    
1    504    131    -12039.6    -32.1874    0.307158    6.70667    9.36594    
1    507    132    -12035.3    -35.0231    0.336676    6.47844    9.37547    
1    510    133    -12035.6    -31.2994    0.332672    6.43235    9.02782    
1    512    134    -12022.4    -28.6534    0.324708    6.12265    8.87195    
1    513    135    -12032.5    -34.5357    0.269866    6.4981    9.43092    
1    515    136    -12034.2    -36.4779    0.248199    6.67018    9.48325    
1    519    137    -12033.9    -35.0751    0.223179    6.51707    9.26677    
1    520    138    -12037.3    -38.051    0.167053    6.42936    9.29384    
1    528    139    -12035.1    -37.228    0.145017    6.27605    9.07065    
1    530    140    -12036    -37.5203    0.167722    6.38445    8.96519    
1    536    141    -12033.9    -35.0246    0.214227    6.54763    8.9664    
1    540    142    -12038.5    -38.2151    0.15531    6.5433    9.29713    
1    544    143    -12035.3    -34.601    0.19586    6.39256    8.94723    
1    550    144    -12035.3    -36.4892    0.187323    6.49056    9.18422    
1    552    145    -12035.7    -34.0995    0.217973    6.59629    9.17838    
1    554    146    -12033.4    -35.3122    0.1479    6.36323    9.17332    
1    560    147    -12034.4    -34.1296    0.172521    6.25162    8.90355    
1    578    148    -12036.2    -34.8536    0.221494    6.4696    9.02383    
1    586    149    -12038.1    -34.9518    0.161363    6.38325    9.22439    
1    617    150    -12036.8    -35.5596    0.205318    6.57884    9.3031    
1    619    151    -12038.6    -36.0206    0.142733    6.11348    9.0722    
1    630    152    -12036.9    -36.1879    0.163013    6.29876    9.14507    
1    635    153    -12035.6    -36.1604    0.195603    6.55345    9.31583    
1    637    154    -12031.3    -33.9269    0.253022    6.63047    9.32957    
1    638    155    -12037.1    -36.2814    0.194402    6.59962    9.37035    
1    654    156    -12037.1    -34.9839    0.217757    6.55446    9.15623    
1    656    157    -12038.1    -37.1722    0.198004    6.70672    9.46118    
1    665    158    -12029.5    -36.0376    0.198943    6.3313    8.81256    
1    679    159    -12025.7    -31.5838    0.140601    6.48532    9.44051    
1    681    160    -12023.1    -31.8606    0.148878    6.66707    9.92175    
1    682    161    -12035.8    -36.8753    0.153306    6.2764    9.42802    
1    713    162    -12034.5    -36.7793    0.159689    6.38025    9.27056    
1    724    163    -12032.8    -31.2313    0.234211    6.64873    9.31654    
1    727    164    -12036.2    -37.4377    0.163073    6.34518    9.17217    
1    742    165    -12031    -33.471    0.146147    6.1156    9.10324    
1    761    166    -12032.7    -38.3867    0.144751    6.23803    9.27716    
1    764    167    -12034.7    -39.6724    0.134347    6.19834    9.21058    
1    782    168    -12028.3    -34.1476    0.154622    6.18938    8.98642    
1    784    169    -12029.2    -34.1867    0.131647    6.0848    9.0231    
1    788    170    -12029.1    -32.7602    0.131695    5.7934    8.59723    
1    793    171    -12022.1    -35.8988    0.300714    6.10187    9.30139    
1    798    172    -12030.4    -36.7274    0.336461    5.91193    8.84322    
1    802    173    -12030.2    -36.2345    0.293933    6.15765    9.23562    
1    804    174    -12032.7    -37.8352    0.326958    5.89465    8.73814    
1    814    175    -12031.1    -36.5511    0.312258    6.28471    9.38287    
1    820    176    -12034    -35.9426    0.319273    5.72171    8.51853    
1    841    177    -12030.1    -37.2666    0.204491    6.44287    9.28548    
1    842    178    -12030.3    -33.7432    0.268852    6.54902    9.1539    
1    845    179    -12026.7    -33.8985    0.270855    6.53458    9.13328    
1    847    180    -12026.8    -31.6617    0.335711    6.53791    9.49455    
1    857    181    -12031.4    -33.5487    0.341224    6.66322    9.56161    
1    858    182    -12029.9    -29.5092    0.326382    6.74198    9.37672    
1    860    183    -12036.2    -32.1121    0.307946    6.42221    8.63755    
1    861    184    -12031.5    -37.2982    0.30958    6.50046    9.03464    
1    868    185    -12031.3    -32.5166    0.310881    5.93364    8.74569    
1    870    186    -12033.5    -34.1549    0.301139    6.3887    8.93125    
1    880    187    -12030.4    -32.4105    0.311082    6.06256    8.72057    
1    882    188    -12031.1    -32.731    0.304395    6.12145    8.60993    
1    897    189    -12023.5    -32.2534    0.307717    6.29554    8.91432    
1    898    190    -12027.5    -33.0207    0.315523    6.27079    8.84086    
1    899    191    -12033.6    -34.4331    0.2995    6.50911    9.06188    
1    902    192    -12031.5    -34.2355    0.295572    6.52829    8.80802    
1    903    193    -12033.9    -34.3611    0.295359    6.8189    9.67835    
1    910    194    -12032.3    -31.0763    0.324234    6.78462    9.29562    
1    911    195    -12034.7    -35.1807    0.289557    6.90237    9.41548    
1    914    196    -12037.1    -34.186    0.284476    7.19767    9.95009    
1    918    197    -12039.5    -33.9576    0.307497    6.62585    9.18962    
1    932    198    -12040.3    -35.2776    0.285206    6.18906    8.48329    
1    954    199    -12032.4    -27.5798    0.271949    6.92277    9.50732    
1    958    200    -12039.4    -34.8187    0.272766    6.41735    8.83256    
1    970    201    -12033.8    -32.1611    0.315745    6.52383    8.8544    
1    972    202    -12039.1    -33.843    0.306558    6.80524    9.38736    
1    990    203    -12038.7    -34.2734    0.302924    6.66766    9.35083    
1    992    204    -12038    -32.619    0.303308    6.49099    8.90536    
