#Task    Step    numberOfAcceptedPeleSteps    currentEnergy    Binding Energy    sasaLig    distance0.5    distance1.5    
1    0    0    -11662.5    -22.1368    0.301583    4.29259    4.27192    
1    1    1    -11933.2    -12.2009    0.35132    4.64994    4.37248    
1    2    2    -11952.1    -3.75586    0.374302    5.55701    4.99276    
1    3    3    -11968.3    -21.0159    0.312309    5.54936    5.37241    
1    6    4    -11985.6    -26.2346    0.330974    4.77859    4.4536    
1    8    5    -11987.3    -27.0606    0.298007    5.0048    4.80226    
1    9    6    -11990.8    -30.3099    0.282032    5.08637    4.6949    
1    10    7    -11991    -25.674    0.274855    5.17249    4.89914    
1    11    8    -11999.9    -28.7913    0.265131    4.49723    4.08785    
1    16    9    -12012.6    -35.525    0.243024    4.22809    3.8044    
1    21    10    -12007.5    -34.938    0.228698    4.63647    4.15483    
1    36    11    -12011.8    -33.4578    0.251121    4.19698    3.64237    
1    64    12    -12013.1    -31.6096    0.218341    4.72378    4.1637    
1    105    13    -12003.6    -31.7912    0.24701    5.39891    5.00354    
1    110    14    -12001.6    -25.767    0.248404    5.21815    5.07294    
1    117    15    -12009.4    -26.3995    0.270677    5.03035    4.73554    
1    130    16    -12007    -23.983    0.30888    4.93543    5.04141    
1    131    17    -12002.1    -22.3921    0.371495    4.79335    4.55375    
1    132    18    -12011.5    -27.3669    0.327578    4.52823    4.12935    
1    137    19    -12008    -28.4875    0.30079    4.65513    4.16268    
1    138    20    -12006.7    -21.6401    0.365152    4.49841    4.13482    
1    140    21    -12017.8    -29.5726    0.297177    4.52391    4.19075    
1    152    22    -12013.8    -25.0235    0.326226    4.13647    3.97797    
1    154    23    -12015.3    -27.4114    0.303225    4.67031    4.24294    
1    161    24    -12016    -34.2081    0.241903    4.60938    3.91956    
1    170    25    -12013.5    -28.0206    0.218477    4.72977    4.3066    
1    174    26    -12015    -28.4975    0.335536    4.47575    4.11766    
1    180    27    -12017.7    -29.0593    0.30695    4.75595    4.45352    
1    194    28    -12015.5    -28.0176    0.304686    4.09403    4.04899    
1    196    29    -12021.6    -34.7297    0.256138    4.42566    3.94477    
1    204    30    -12022    -31.4279    0.251835    4.68628    4.39943    
1    212    31    -12020.4    -32.0522    0.208131    4.73364    4.58469    
1    226    32    -12013.2    -29.8606    0.302759    4.5662    4.34456    
1    228    33    -12015.2    -28.9102    0.321046    4.7396    4.76713    
1    260    34    -12012    -25.4245    0.301018    4.20262    4.23975    
1    264    35    -12011.9    -24.6988    0.244155    4.61823    4.11774    
1    268    36    -12022.4    -33.3126    0.268027    4.48799    4.10815    
1    330    37    -12018.8    -28.7395    0.323387    4.82983    4.60405    
1    338    38    -12022.6    -32.9293    0.251755    4.57598    4.27116    
1    352    39    -12022.2    -32.6877    0.294637    4.31876    4.34895    
1    378    40    -12019.5    -32.7839    0.267458    4.502    4.13076    
1    416    41    -12019.3    -32.3318    0.307222    4.15801    4.17008    
1    418    42    -12018.9    -30.4942    0.294153    4.62457    4.38654    
1    424    43    -12020.2    -32.2162    0.316974    4.21967    4.34464    
1    456    44    -12021.7    -35.0256    0.266898    4.52924    4.22584    
1    662    45    -12010.8    -30.0012    0.224362    4.74484    4.39264    
1    676    46    -12017.8    -31.3937    0.277902    4.3193    4.30377    
1    710    47    -12017.8    -31.6048    0.221212    4.77477    4.45566    
1    718    48    -12020.5    -33.8946    0.273261    4.33356    4.24508    
1    742    49    -12015.5    -35.092    0.263502    4.54398    4.12511    
1    750    50    -12010.1    -25.5021    0.287439    4.43037    4.39338    
1    753    51    -12010.8    -30.2424    0.269968    4.60621    3.87677    
1    757    52    -12007.2    -29.189    0.237098    4.87213    5.10907    
1    758    53    -12009.9    -30.9995    0.249668    5.05904    5.67738    
1    772    54    -12010.3    -29.3837    0.265581    4.74057    5.16799    
1    774    55    -12012.8    -38.6152    0.214891    4.39349    4.26943    
1    778    56    -12010.1    -34.1659    0.205294    4.01129    4.00143    
1    780    57    -12010.8    -33.9309    0.200237    4.39495    4.1785    
1    781    58    -12006.4    -28.1667    0.237332    4.17973    3.93232    
1    785    59    -12003.6    -29.5372    0.209701    4.61094    3.95796    
1    790    60    -12006.6    -27.2366    0.193691    4.76585    4.31303    
1    793    61    -12006.7    -33.1247    0.226225    4.75772    4.02654    
1    796    62    -12006.3    -27.1329    0.286268    4.81671    4.17245    
1    798    63    -12013.2    -31.4624    0.251095    4.9649    4.45978    
1    800    64    -12018.2    -31.6786    0.29003    4.74816    4.44682    
1    802    65    -12021.1    -33.0068    0.28181    5.04779    4.56109    
1    804    66    -12021    -33.1963    0.276656    4.78628    4.48615    
1    812    67    -12017.8    -30.6975    0.270005    5.00237    4.45002    
1    834    68    -12021.3    -32.7297    0.242649    4.95792    4.47877    
1    840    69    -12021.2    -31.9133    0.300877    4.74204    4.45409    
1    844    70    -12020.4    -34.3283    0.237788    4.96437    4.43201    
1    856    71    -12021.5    -32.8419    0.262722    4.74555    4.31104    
1    865    72    -12011.1    -29.6085    0.30316    5.03506    4.49963    
1    881    73    -12010.8    -28.3665    0.294145    5.28775    4.61172    
1    884    74    -12016.7    -29.2935    0.295456    4.99353    4.53692    
1    894    75    -12010.3    -26.0097    0.309272    5.39889    4.78301    
1    897    76    -12009.4    -32.3913    0.309113    4.98396    4.20049    
1    898    77    -12001.7    -18.4916    0.339279    4.65188    4.42857    
1    899    78    -11991.3    -26.8167    0.317734    5.24392    4.53438    
1    900    79    -11991.3    -18.9798    0.308923    4.4425    3.79129    
1    901    80    -11995.4    -30.9992    0.291786    4.75804    3.83582    
1    903    81    -11999.2    -22.5957    0.280209    4.79204    4.99309    
1    904    82    -11999.6    -15.3852    0.315308    5.37931    6.21753    
1    906    83    -12011.4    -22.4195    0.289952    4.63644    4.96445    
1    918    84    -12009.8    -20.8942    0.315684    4.92361    5.3551    
1    922    85    -12010.9    -22.1065    0.327052    4.99877    5.14742    
1    942    86    -12007.4    -22.8344    0.304414    5.08921    4.78664    
1    946    87    -12011.7    -27.4139    0.302278    4.76224    4.72132    
1    949    88    -12011.5    -31.49    0.316693    4.98251    4.51027    
1    958    89    -12013.8    -28.5369    0.320697    4.809    4.476    
1    960    90    -12014    -28.0024    0.303677    5.25862    4.86488    
1    966    91    -12014.6    -29.0994    0.312816    4.80906    4.59391    
1    972    92    -12019.1    -33.862    0.249948    5.04199    4.5922    
